3 0101
3 010802
3 0114
3 0116
3 0120
3 0124
3 0127
3 0129
3 0131
3 0135
3 0137
3 01395440
3 0142
3 0143
3 0145
3 0147
3 0148
3 0149
3 0150
3 0151
3 0152
3 0153
3 0155
3 0156
3 0157
3 0158
3 0159
3 0160
3 0161
3 0165
3 0201
3 0202
3 0203
3 0204
3 0205
3 0206
3 0207
3 0208
3 0209
3 0211
3 0212
3 0213
3 0214
3 0215
3 0216
3 0217
3 0218
3 0219
3 0221
3 0223
3 0224
3 0226
3 0228
3 0229
3 0230
3 0231
3 0232
3 0233
3 0234
3 0235
3 0236
3 0237
3 0238
3 0241
3 0242
3 0243
3 0245
3 0250
3 0251
3 0252
3 0301
3 0303
3 0304
3 0305
3 0306
3 0307
3 0308
3 0309
3 0310
3 0311
3 0312
3 0313
3 0314
3 0315
3 0316
3 0317
3 0318
3 0319
3 0320
3 0321
3 0322
3 0323
3 0324
3 0325
3 0326
3 0327
3 0328
3 0329
3 0330
3 0331
3 0332
3 0333
3 0334
3 0335
3 0336
3 0337
3 0338
3 0339
3 0340
3 0341
3 0342
3 0343
3 0344
3 0345
3 0346
3 0347
3 0348
3 0349
3 0350
3 0351
3 0352
3 0353
3 0354
3 0355
3 0356
3 0357
3 0358
3 0359
3 0360
3 0361
3 0362
3 0363
3 0364
3 0401
3 0402
3 0403
3 0404
3 0405
3 0406
3 0407
3 0408
3 0409
3 0410
3 0411
3 0412
3 0413
3 0414
3 0415
3 0416
3 0417
3 0418
3 0419
3 0420
3 0421
3 0422
3 0423
3 0424
3 0425
3 0426
3 0428
3 0429
3 0430
3 0431
3 0432
3 0433
3 0434
3 0435
3 0436
3 0437
3 0438
3 0439
3 0440
3 0442
3 0443
3 0445
3 0446
3 0447
3 0448
3 0449
3 0450
3 0451
3 0452
3 0453
3 0454
3 0455
3 0456
3 0457
3 0458
3 0459
3 0460
3 0461
3 0462
3 0463
3 0464
3 0465
3 0466
3 0467
3 0468
3 0469
3 0470
3 0501
3 0504
3 0507
3 0510
3 0513
3 0514
3 0517
3 0520
3 0521
3 0522
3 0524
3 0525
3 0527
3 0528
3 0529
3 0530
3 0532
3 0533
3 0534
3 0536
3 0537
3 0539
3 0540
3 0541
3 0544
3 0545
3 0546
3 0547
3 0549
3 0550
3 0551
3 0552
3 0553
3 0555
3 0556
3 0557
3 0558
3 0559
3 0560
3 0561
3 0562
3 0563
3 0564
3 0565
3 0566
3 0568
3 0569
3 0570
3 0571
3 0572
3 0573
3 0574
3 05753000
3 0576
3 0577
3 0578
3 0579
3 0580
3 0581
3 0583
3 0584
3 0585
3 0586
3 0588
3 0589
3 0590
3 0591
3 0592
3 0593
3 0594
3 0595
3 060601
3 060702
3 060803
3 060904
3 061005
3 061106
3 061207
3 061308
3 061409
3 061510
3 06161113
3 061715
3 061816
3 061917
3 062018
3 062205
3 062306
3 062407
3 062508
3 062609
3 062710
3 062811
2 062912
2 063013
2 063114
2 063215
2 063316
2 063417
2 063518
2 063619
2 063720
2 063821
2 063922
2 064023
2 064124
2 064225
2 064326
2 064427
2 064528
2 064629
2 064730
2 064831
2 064932
2 065033
2 065134
2 065235
2 065336
2 065437
2 065538
2 065639
2 065740
2 065841
2 065942
2 070101238
2 070202
2 07033
2 070404
2 070505
2 070606
2 070707
2 070808
2 0709126
2 0710126
2 0711126
2 0712126
2 071301192
2 071403192
2 071504192
2 071606192
2 071701
2 072002
2 072203
2 072404
2 072605157
2 072706157
2 072914157
2 073015157
2 073116157
2 073217157
2 073318
2 073418157
2 073519157
2 073621157
2 073722157
2 073823
2 074024157
2 074125157
2 074226157
2 074327157
2 074428157
2 074529157
2 074630157
2 074731157
2 074832157
2 074933159
2 075034
2 075135160
2 075236160
2 0753
2 0754
2 0755
2 0756
2 0757
2 0758
2 0759
2 076007
2 0761
2 0762
2 076324
2 0801
2 0802
2 0803
2 0804
2 0805
2 0806
2 0901
2 090315
2 090416
2 090517
2 090618
2 090719
2 090820
2 090921
2 091022
2 091223
2 091324
2 0914
2 091501
2 091602
2 091703
2 091804
2 091905
2 092006
2 092101
2 092302
2 092403
2 092504
2 092605
2 092706
2 092807
2 092908
2 093009
2 093110
2 093211
2 093312
2 093401
2 093502
2 093703
2 093804
2 094005
1 094106
1 094207
1 094508
1 094609
1 094710
1 094811
1 094912
1 095013
1 095114
1 095215
1 095416
1 095517
1 095618
1 095719
1 095820
1 095921
1 096022
1 096123
1 096224
1 096301
1 096402
1 096503
1 096604
1 096705
1 096806
1 100101
1 100302
1 100403
1 100604
1 100805
1 101006
1 102301
1 102502
1 105203
1 105304
1 105401
1 105603
1 106007
1 106815
1 107201
1 107302
1 107403
1 107504
1 110101
1 110202
1 110303
1 110405
1 110707
1 110808
1 110909
1 111010
1 111101
1 111202
1 111303
1 111404
1 111501
1 111602
1 111702
1 111904
1 112001
1 112102
1 112203
1 112304
1 112405
1 112501
1 112602
1 112703
1 112804
1 112905
1 113006
1 113107
1 113208
1 113301
1 113402
1 113503
1 113604
1 113705
1 113806
1 113907
1 114008
1 114109
1 114210
1 114311
1 114412
1 11451313
1 114614
1 114715
1 114816
1 114917
1 1150
1 1151
1 1152
1 1153
1 1154
1 1155
1 1156
1 1157
1 1158
1 1159
1 1160
1 1161
1 116201
1 116402
1 116503
1 116601
1 116702
1 116803
1 120101
1 120202
1 120303
1 120404
1 120505
1 120606
1 121904
1 122201
1 122602
1 122701
1 123101
1 123401
1 1245
1 124901
1 125002
1 125103
1 125202
1 125303
1 125404
1 125505
1 125606
0 125707
0 126111
0 1301116
0 1309152
0 1310117
0 1311126
0 1312
0 1319
0 132580
0 132864
0 1360116
0 1361116
0 1362116
0 1363118
0 136699
0 136799
0 1370
0 1371
0 1372
0 1373124
0 1374122
0 1376117
0 140101
0 140202
0 140303
0 140404
0 140501
0 140602
0 140703
0 140804
0 140905
0 141001
0 141104
0 141208
0 141310
0 141402
0 1415
0 141501
0 141602
0 1417
0 1418
0 1419
0 1421
0 1422
0 1423
0 1424
0 1425
0 1426
0 142701
0 1428
0 1429
0 143001
0 143102
0 1432
0 1433
0 1434
0 1435
0 1436
0 1437
0 1438
0 1440
0 1441
0 1443
0 1444
0 1445
0 1447
0 1448
0 1449
0 1450
0 1451
0 1452
0 1454
0 1458
0 1459
0 1463
0 1464
0 1466
0 1467
0 1919
0 220311
0 220611
0 220711
0 220911
0 221303
0 2214
0 2217
0 2219
0 2221
0 2222
0 2229
0 2230
0 223401
0 223502
0 223704
0 2238
0 271601
0 3234
0 3235
0 3243
0 3337
0 3338
0 3401
0 3402
0 3403
0 3404
0 3405
0 3406
0 3407
0 3408
0 3409
0 3411
0 3412
0 3413
0 3414
0 3415
0 3416
0 3446
0 3447
0 3901
0 390319
0 390425
0 3905
0 3910
0 391111
0 391210
0 391311
0 391444
0 391558
0 391601
0 391702
0 391803
0 3937
0 3939
0 3940
0 3941
0 4111
0 4113
0 4114
0 4115
0 4116
0 4117
0 41311
0 4133
0 4134
0 4201
0 420240
0 4210
0 421902
0 4228
0 4229
0 4230
0 4231
0 4232
0 4233199850
0 42342002221
0 42352002222
0 423601
0 423702
0 423803
0 423904
0 424005
0 424107
0 424209
0 424310
0 424411
0 424512
0 4246
0 4247
0 4248
0 42481
0 42482
0 42483
0 42484
0 42485
0 42486
0 42487
0 42488
0 4249
0 42491
0 42492
0 42493
0 42494
0 42495
0 42496
0 42505
0 4301
0 4320
0 4321
0 4322
0 4323
0 4324
0 4325
